image_width: 808	
image_height: 608
camera_name: cam0
camera_matrix:
  rows: 3
  cols: 3
  data: [2.6089977188463729e+02, 0.0, 4.1703883020100147e+02,
         0.0, 2.5969638956464865e+02, 2.8134583978790874e+02,
         0.0, 0.0, 1.0]
distortion_model: equidistant
# distortion_model: plumb_bob
distortion_coefficients:
  rows: 1
  cols: 4
  # data:  [-0.00689736, -0.0603408, 0.102192, -0.0541926]
  data:  [-6.2509820514817821e-02 , 6.9244087413606339e-02, -6.0181179346371391e-02, 1.4736354196555217e-02]

# distortion_coefficients:
#   rows: 1
#   cols: 5
#   data:  [-0.22841245670055935,0.03267493993063759,0.0007350228163529481,0.0005008174390870634, 0.0]

# k2 -0.00689736
# k3 -0.0603408
# k4 0.102192
# k5 -0.0541926
# mu 255.786
# mv 254.872
# u0 420.594        
# v0 280.949

# Camera.k1: -0.22841245670055935
# Camera.k2: 0.03267493993063759
# Camera.p1: 0.0007350228163529481
# Camera.p2: 0.0005008174390870634
# Camera.k3: 0

# model_type: KANNALA_BRANDT
# camera_name: ueye
# image_width: 808
# image_height: 608
# projection_parameters:
#    k2: -6.2509820514817821e-02
#    k3: 6.9244087413606339e-02
#    k4: -6.0181179346371391e-02
#    k5: 1.4736354196555217e-02
#    mu: 2.6089977188463729e+02
#    mv: 2.5969638956464865e+02
#    u0: 4.1703883020100147e+02
#    v0: 2.8134583978790874e+02




